  #        sub       film     vm%    eps1%    eps2%   NatSub   NatFil  notes
--------------------------------------------------------------------------------
  1    (1,1,1)    (0,0,1)   13.68   -14.02    -0.72       20       60  OK
  2    (1,1,0)    (0,0,1)   13.68   -14.02    -0.72       20       60  OK
  3    (1,0,0)    (0,0,1)   13.68   -14.02    -0.72       20       60  OK
  4    (2,2,1)    (0,0,1)   13.68   -14.02    -0.72       20       60  OK
  5    (2,1,1)    (0,0,1)   13.68   -14.02    -0.72       20       60  OK
  6    (2,1,0)    (0,0,1)   13.68   -14.02    -0.72       20       60  OK
  7    (1,1,1)    (0,0,1)   14.57   -14.60    -0.05       18       54  OK
  8    (1,1,0)    (0,0,1)   14.57   -14.60    -0.05       18       54  OK
  9    (1,0,0)    (0,0,1)   14.57   -14.60    -0.05       18       54  OK
 10    (2,2,1)    (0,0,1)   14.57   -14.60    -0.05       18       54  OK
 11    (2,1,1)    (0,0,1)   14.57   -14.60    -0.05       18       54  OK
 12    (2,1,0)    (0,0,1)   14.57   -14.60    -0.05       18       54  OK